# some 100 bit primes

1096964963490968288206282849339
986736412224453071132622419509
1020406795573244082226651106747
1149493273903932429832383384373
1010222688066656844225905230307
956550475941604818272633195369
1003321790007684563100928647853
1231091678255111392769997857293
1112070965840308901423023235309
1110345936514365596185793118827
1255224090086803468613936011333
1108956615298120012576921185773
1202344510871579419299075279053
1089216618818273466333431045431
1218711093584028787983409473691
1024138279465094035998024872201
1148530316622998957105694300343
1041516082518433519456756955353
1163506334032054654512559208981
1093703482042347191829627040763
1266211149594193514159557448639
1090602324254833483709931840247
1259933789392431445893184932431
1017660322952826162905610183403
952187519218013529251092174853
1108629965497976374345873011793
1100357471476430773928436658211
1190436105963527225795172935879
995886022026163773601558381669
1058834174484168922508945862659
998082593064456779341037578901
1262264356896748931376843542047
1117336745447428197294187559743
1221354931393517651565101618453
952030788284015022909156327767
1007453129825141948050520283941
1044122086608234281856429432283
1192553846769521313143796161023
1146440054890372044358264093097
1205911036689193688800394548531
1136502573020763450802710851533
1136485270338763491486234726101
1235483285200313057650601348369
999602829124304376551234608397
1031312503599231626749064972501
1125967618454745125758606338943
1171716462609086294623960854581
1215902305892414834610329080813
1043767391566077996570536547409
1235508328607504971082679788891
1102072601410311445019789538199
1013746468200184972660419355067
1031577304896374059112494632541
1077468459923845832985673634417
1156776180525477692691665536649
1148947108148749890798069725899
1083846029791903556644937277419
1194128559193702082379911122153
963495066427542104803661837857
1042929780760350522549380996317
1175000510058071679284347900847
1151788872526282681335528242809
1003699406016456466193252568839
1122846876225804581984772495467
1113016702807621480110306156881
967898076491899674943040554807
1122412930497921658879722816569
1262254511348503091992337002687
1110938916151948229078773628947
1193880518625719913329888166097
1183675378362656417581101417361
979479849917951751547317642127
1166260944905563728227622286609
1069754412608778229125787661911
968259205632472236608905154227
1266414384196328661574041424961
1097574848088767593792173181063
1047739724323567830175706934941
1019861381065309149337866470321
1157667361915932463516844219749
953916443849459952663378514187
1093245233749752061068726190391
1071589628740557930531214433899
1056099812088547853066387859053
1106563898981965861985177533303
1157713819953527373916408159447
1220108565308443851176430067439
1206186459273341436512160353021
1063850389391581183768815361493
1006327418815979725674401494597
1149349939612828460348785176559
983696815823918210840318891491
972052095846293973476354007049
1145318033066314484884110746179
1019659838463071894460570311797
1052491423309094967333581721053
1156959505321533699511039210147
1142767563352883875642570754801
1219428751684192337993113719749
1141151894622569044454135051347
